[Zdn]
SavePwd=1

[DoTham]
InstantDie=1

[HaoKiet]
Position=city02,204.86260986328,23.561977386475,1466.5588378906,1;city02,433.06909179688,1.9092522859573,1165.1854248047,1;city02,465.38284301758,15.183740615845,977.00567626953,1;city02,491.34814453125,0.74961131811142,822.66583251953,1;city05,772.17633056641,26.924509048462,944.19537353516,1;city05,342.1399230957,25.049249649048,681.19146728516,1;city05,313.60830688477,17.188220977783,523.50347900391,1
ResetTime=city02,204,23,1466,1712646000;city05,772,26,944,1712646000;city02,491,0,822,1712646000;city02,465,15,977,1712646000;city05,313,17,523,1712559600;city05,342,25,681,1712559600;city02,479,1,766,1708844400;city02,900,0,575,1687590000;city02,477,1,759,1677567600
PickProp=13,10;15,2;16,10;18,2;19,10;1,200;4,4

[TroLy]
Task=1,1,0,0,23,59;1,10,0,0,23,59;1,8,0,0,23,59;1,4,0,0,23,59;1,12,0,0,23,59;1,5,0,0,23,59;1,2,0,0,23,59;1,11,21,0,23,59;1,3,0,0,23,59;0,16,0,0,23,59;1,9,0,0,23,59
StopOnDone=1
T=0,thth,0,0,23,59;1,tn,0,0,23,59;0,lc,0,0,23,59;1,noitu,0,0,23,59;1,vatpham,0,0,21,59;1,dt,0,0,23,59;0,tt,0,0,23,59;0,vt,0,0,23,59;0,hk,0,0,23,59;0,ontuyen,0,0,23,59;0,ct,0,0,23,59;0,anthe,0,0,23,59;0,thuthap,0,0,23,59;0,nongphu,0,0,23,59

[ChienTruong]
Turn=1708671600,20
ByTurn=1
MaxTurn=20
NotProcessMail=0
DeleteDcd=1

[QinGame]
skill=hc_1000001,null,null,null,null
set=1
type=1
max_turn=10

[VatPham]
List=1,faculty_yanwu_jhdw06,zdn_buff_no_delay,desc_zdn_buff_no_delay,icon\buff\buff_hungry.png,0,2;1,itm_neixiu_01,desc_itmbuf_neixiu_01_0,desc_itmbuf_neixiu_01_0,icon\shenghuo\cl_02010025.png,0,2;1,itm_neixiu_02,desc_itmbuf_neixiu_02_0,desc_itmbuf_neixiu_02_0,icon\shenghuo\cl_02010023.png,0,2;1,itm_neixiu_07,desc_itmbuf_neixiu_07_0,desc_itmbuf_neixiu_07_0,icon\shenghuo\cl_02010022.png,0,2;1,may_growitem_51,desc_buf_lilianyao_1_5,desc_buf_lilianyao_1_5,icon\shenghuo\cl_16040004.png,0,2;1,box_drop_fun_qdlb_004_zy,zdn_buff_no_delay,desc_zdn_buff_no_delay,icon\buff\buff_hungry.png,1,2;1,additem_0010,zdn_buff_no_delay,desc_zdn_buff_no_delay,icon\buff\buff_hungry.png,1,2;1,box_weixin_xkl,zdn_buff_no_delay,desc_zdn_buff_no_delay,icon\buff\buff_hungry.png,1,2;1,box_20160419_bl2_fc,zdn_buff_no_delay,desc_zdn_buff_no_delay,icon\buff\buff_hungry.png,1,2;1,box_20171010_ryfyb_guj_002,zdn_buff_no_delay,desc_zdn_buff_no_delay,icon\buff\buff_hungry.png,1,2;1,box_20171109hy_guj_001,zdn_buff_no_delay,desc_zdn_buff_no_delay,icon\buff\buff_hungry.png,1,2;1,box_lzy_hyd_rc001,zdn_buff_no_delay,desc_zdn_buff_no_delay,icon\buff\buff_hungry.png,0,2;1,faculty_event_fc_02_c,zdn_buff_no_delay,desc_zdn_buff_no_delay,icon\buff\buff_hungry.png,0,2;1,additem_0011,zdn_buff_no_delay,desc_zdn_buff_no_delay,icon\buff\buff_hungry.png,1,2;1,box_20171010_ryfyb_guj_003,zdn_buff_no_delay,desc_zdn_buff_no_delay,icon\buff\buff_hungry.png,1,2;1,box_20160419_wy5_fc,zdn_buff_no_delay,desc_zdn_buff_no_delay,icon\buff\buff_hungry.png,1,2;1,zhenqi_match_002_1d,zdn_buff_no_delay,desc_zdn_buff_no_delay,icon\buff\buff_hungry.png,0,2

